[1] 100.0000000 104.0000000   1.0000000   0.5978178   0.6399783   0.0000000
[1] 100.0000000 104.0000000   6.0000000   0.5938211   0.6311793   0.0000000
[1] 100.0000000 104.0000000  11.0000000   0.5917624   0.6388045   0.0000000
[1] 100.0000000 104.0000000  16.0000000   0.6002829   0.6399590   0.0000000
[1] 100.0000000 104.0000000  21.0000000   0.5929767   0.6371684   0.0000000
[1] 100.0000000 149.0000000   1.0000000   0.5978178   0.6399783   0.0000000
[1] 100.0000000 149.0000000   6.0000000   0.5938211   0.6311793   0.0000000
[1] 100.0000000 149.0000000  11.0000000   0.5917624   0.6388045   0.0000000
[1] 100.0000000 149.0000000  16.0000000   0.6002829   0.6399590   0.0000000
[1] 100.0000000 149.0000000  21.0000000   0.5929767   0.6371684   0.0000000
[1] 100.0000000 208.0000000   1.0000000   0.5978178   0.6399783   0.0000000
[1] 100.0000000 208.0000000   6.0000000   0.5938211   0.6311793   0.0000000
[1] 100.0000000 208.0000000  11.0000000   0.5917624   0.6388045   0.0000000
[1] 100.0000000 208.0000000  16.0000000   0.6002829   0.6399590   0.0000000
[1] 100.0000000 208.0000000  21.0000000   0.5929767   0.6371684   0.0000000
[1] 100.0000000 260.0000000   1.0000000   0.5978178   0.6399783   0.0000000
[1] 100.0000000 260.0000000   6.0000000   0.5938211   0.6311793   0.0000000
[1] 100.0000000 260.0000000  11.0000000   0.5917624   0.6388045   0.0000000
[1] 100.0000000 260.0000000  16.0000000   0.6002829   0.6399590   0.0000000
[1] 100.0000000 260.0000000  21.0000000   0.5929767   0.6371684   0.0000000
[1] 100.0000000 347.0000000   1.0000000   0.5978178   0.6399783   0.0000000
[1] 100.0000000 347.0000000   6.0000000   0.5938211   0.6311793   0.0000000
[1] 100.0000000 347.0000000  11.0000000   0.5917624   0.6388045   0.0000000
[1] 100.0000000 347.0000000  16.0000000   0.6002829   0.6399590   0.0000000
[1] 100.0000000 347.0000000  21.0000000   0.5929767   0.6371684   0.0000000
[1] 100.0000000 521.0000000   1.0000000   0.5978178   0.6399783   0.0000000
[1] 100.0000000 521.0000000   6.0000000   0.5938211   0.6311793   0.0000000
[1] 100.0000000 521.0000000  11.0000000   0.5917624   0.6388045   0.0000000
[1] 100.0000000 521.0000000  16.0000000   0.6002829   0.6399590   0.0000000
[1] 100.0000000 521.0000000  21.0000000   0.5929767   0.6371684   0.0000000
[1] 350.0000000 104.0000000   1.0000000   0.5955582   0.6400452   0.0000000
[1] 350.0000000 104.0000000   6.0000000   0.5959804   0.6363238   0.0000000
[1] 350.0000000 104.0000000  11.0000000   0.5968004   0.6404125   0.0000000
[1] 350.0000000 104.0000000  16.0000000   0.5999792   0.6418213   5.0000000
[1] 350.0000000 104.0000000  21.0000000   0.5972994   0.6408326   0.0000000
[1] 350.0000000 149.0000000   1.0000000   0.5955582   0.6400452   0.0000000
[1] 350.0000000 149.0000000   6.0000000   0.5959804   0.6363238   0.0000000
[1] 350.0000000 149.0000000  11.0000000   0.5968004   0.6404125   0.0000000
[1] 350.0000000 149.0000000  16.0000000   0.5999792   0.6418213   5.0000000
[1] 350.0000000 149.0000000  21.0000000   0.5972994   0.6408326   0.0000000
[1] 350.0000000 208.0000000   1.0000000   0.5955582   0.6400452   0.0000000
[1] 350.0000000 208.0000000   6.0000000   0.5959804   0.6363238   0.0000000
[1] 350.0000000 208.0000000  11.0000000   0.5968004   0.6404125   0.0000000
[1] 350.0000000 208.0000000  16.0000000   0.5999792   0.6418213   5.0000000
[1] 350.0000000 208.0000000  21.0000000   0.5972994   0.6408326   0.0000000
[1] 350.0000000 260.0000000   1.0000000   0.5955582   0.6400452   0.0000000
[1] 350.0000000 260.0000000   6.0000000   0.5959804   0.6363238   0.0000000
[1] 350.0000000 260.0000000  11.0000000   0.5968004   0.6404125   0.0000000
[1] 350.0000000 260.0000000  16.0000000   0.5999792   0.6418213   5.0000000
[1] 350.0000000 260.0000000  21.0000000   0.5972994   0.6408326   0.0000000
[1] 350.0000000 347.0000000   1.0000000   0.5955582   0.6400452   0.0000000
[1] 350.0000000 347.0000000   6.0000000   0.5959804   0.6363238   0.0000000
[1] 350.0000000 347.0000000  11.0000000   0.5968004   0.6404125   0.0000000
[1] 350.0000000 347.0000000  16.0000000   0.5999792   0.6418213   5.0000000
[1] 350.0000000 347.0000000  21.0000000   0.5972994   0.6408326   0.0000000
[1] 350.0000000 521.0000000   1.0000000   0.5955582   0.6400452   0.0000000
[1] 350.0000000 521.0000000   6.0000000   0.5959804   0.6363238   0.0000000
[1] 350.0000000 521.0000000  11.0000000   0.5968004   0.6404125   0.0000000
[1] 350.0000000 521.0000000  16.0000000   0.5999792   0.6418213   5.0000000
[1] 350.0000000 521.0000000  21.0000000   0.5972994   0.6408326   0.0000000
[1] 600.0000000 104.0000000   1.0000000   0.5972352   0.6388511   2.0000000
[1] 600.0000000 104.0000000   6.0000000   0.5965693   0.6393403   0.0000000
[1] 600.0000000 104.0000000  11.0000000   0.5977478   0.6390565   0.0000000
[1] 600.0000000 104.0000000  16.0000000   0.5990195   0.6412160   0.0000000
[1] 600.0000000 104.0000000  21.0000000   0.5984927   0.6396260   0.0000000
[1] 600.0000000 149.0000000   1.0000000   0.5972352   0.6388511   2.0000000
[1] 600.0000000 149.0000000   6.0000000   0.5965693   0.6393403   0.0000000
[1] 600.0000000 149.0000000  11.0000000   0.5977478   0.6390565   0.0000000
[1] 600.0000000 149.0000000  16.0000000   0.5990195   0.6412160   0.0000000
[1] 600.0000000 149.0000000  21.0000000   0.5984927   0.6396260   0.0000000
[1] 600.0000000 208.0000000   1.0000000   0.5972352   0.6388511   2.0000000
[1] 600.0000000 208.0000000   6.0000000   0.5965693   0.6393403   0.0000000
[1] 600.0000000 208.0000000  11.0000000   0.5977478   0.6390565   0.0000000
[1] 600.0000000 208.0000000  16.0000000   0.5990195   0.6412160   0.0000000
[1] 600.0000000 208.0000000  21.0000000   0.5984927   0.6396260   0.0000000
[1] 600.0000000 260.0000000   1.0000000   0.5972352   0.6388511   2.0000000
[1] 600.0000000 260.0000000   6.0000000   0.5965693   0.6393403   0.0000000
[1] 600.0000000 260.0000000  11.0000000   0.5977478   0.6390565   0.0000000
[1] 600.0000000 260.0000000  16.0000000   0.5990195   0.6412160   0.0000000
[1] 600.0000000 260.0000000  21.0000000   0.5984927   0.6396260   0.0000000
[1] 600.0000000 347.0000000   1.0000000   0.5972352   0.6388511   2.0000000
[1] 600.0000000 347.0000000   6.0000000   0.5965693   0.6393403   0.0000000
[1] 600.0000000 347.0000000  11.0000000   0.5977478   0.6390565   0.0000000
[1] 600.0000000 347.0000000  16.0000000   0.5990195   0.6412160   0.0000000
[1] 600.0000000 347.0000000  21.0000000   0.5984927   0.6396260   0.0000000
[1] 600.0000000 521.0000000   1.0000000   0.5972352   0.6388511   2.0000000
[1] 600.0000000 521.0000000   6.0000000   0.5965693   0.6393403   0.0000000
[1] 600.0000000 521.0000000  11.0000000   0.5977478   0.6390565   0.0000000
[1] 600.0000000 521.0000000  16.0000000   0.5990195   0.6412160   0.0000000
[1] 600.0000000 521.0000000  21.0000000   0.5984927   0.6396260   0.0000000
[1] 850.0000000 104.0000000   1.0000000   0.5978638   0.6386423   0.0000000
[1] 850.0000000 104.0000000   6.0000000   0.5973243   0.6393242   2.0000000
[1] 850.0000000 104.0000000  11.0000000   0.5978559   0.6392925   5.0000000
[1] 850.0000000 104.0000000  16.0000000   0.5987004   0.6415658   0.0000000
[1] 850.0000000 104.0000000  21.0000000   0.5993923   0.6402220   0.0000000
[1] 850.0000000 149.0000000   1.0000000   0.5978638   0.6386423   0.0000000
[1] 850.0000000 149.0000000   6.0000000   0.5973243   0.6393242   2.0000000
[1] 850.0000000 149.0000000  11.0000000   0.5978559   0.6392925   5.0000000
[1] 850.0000000 149.0000000  16.0000000   0.5987004   0.6415658   0.0000000
[1] 850.0000000 149.0000000  21.0000000   0.5993923   0.6402220   0.0000000
[1] 850.0000000 208.0000000   1.0000000   0.5978638   0.6386423   0.0000000
[1] 850.0000000 208.0000000   6.0000000   0.5973243   0.6393242   2.0000000
[1] 850.0000000 208.0000000  11.0000000   0.5978559   0.6392925   5.0000000
[1] 850.0000000 208.0000000  16.0000000   0.5987004   0.6415658   0.0000000
[1] 850.0000000 208.0000000  21.0000000   0.5993923   0.6402220   0.0000000
[1] 850.0000000 260.0000000   1.0000000   0.5978638   0.6386423   0.0000000
[1] 850.0000000 260.0000000   6.0000000   0.5973243   0.6393242   2.0000000
[1] 850.0000000 260.0000000  11.0000000   0.5978559   0.6392925   5.0000000
[1] 850.0000000 260.0000000  16.0000000   0.5987004   0.6415658   0.0000000
[1] 850.0000000 260.0000000  21.0000000   0.5993923   0.6402220   0.0000000
[1] 850.0000000 347.0000000   1.0000000   0.5978638   0.6386423   0.0000000
[1] 850.0000000 347.0000000   6.0000000   0.5973243   0.6393242   2.0000000
[1] 850.0000000 347.0000000  11.0000000   0.5978559   0.6392925   5.0000000
[1] 850.0000000 347.0000000  16.0000000   0.5987004   0.6415658   0.0000000
[1] 850.0000000 347.0000000  21.0000000   0.5993923   0.6402220   0.0000000
[1] 850.0000000 521.0000000   1.0000000   0.5978638   0.6386423   0.0000000
[1] 850.0000000 521.0000000   6.0000000   0.5973243   0.6393242   2.0000000
[1] 850.0000000 521.0000000  11.0000000   0.5978559   0.6392925   5.0000000
[1] 850.0000000 521.0000000  16.0000000   0.5987004   0.6415658   0.0000000
[1] 850.0000000 521.0000000  21.0000000   0.5993923   0.6402220   0.0000000