"V1" "V2" "V3" "V4" "V5" "mean_rsquared"
"myresults" 0 0 0 0 0 0
"result" 100 104 1 0.593725022454071 0.646128096228054 0.619926559341062
"result.1" 100 104 6 0.618020536339575 0.604536516139789 0.611278526239682
"result.2" 100 104 11 0.611545473441189 0.587502405667797 0.599523939554493
"result.3" 100 104 16 0.614490385156703 0.60966962032903 0.612080002742866
"result.4" 100 104 21 0.583114455512858 0.604576248453756 0.593845351983307
"result.5" 100 149 1 0.616971726519144 0.603869742777068 0.610420734648106
"result.6" 100 149 6 0.599078794979929 0.613098785433552 0.60608879020674
"result.7" 100 149 11 0.598925618486828 0.614687533686171 0.6068065760865
"result.8" 100 149 16 0.61093009476382 0.605033993906136 0.607982044334978
"result.9" 100 149 21 0.628213453723459 0.635814350533987 0.632013902128723
"result.10" 100 208 1 0.594439157878314 0.634696210418274 0.614567684148294
"result.11" 100 208 6 0.590890255372274 0.58769790082012 0.589294078096197
"result.12" 100 208 11 0.622254393794329 0.611725837884195 0.616990115839262
"result.13" 100 208 16 0.599279813251675 0.610852954566399 0.605066383909037
"result.14" 100 208 21 0.602851079745942 0.622993257061393 0.612922168403667
"result.15" 100 260 1 0.60899559270723 0.603569861854782 0.606282727281006
"result.16" 100 260 6 0.58102406165925 0.607368044343067 0.594196053001159
"result.17" 100 260 11 0.607191752389501 0.602524694365382 0.604858223377441
"result.18" 100 260 16 0.626872299964931 0.603603913870905 0.615238106917918
"result.19" 100 260 21 0.623627725205906 0.614488240608566 0.619057982907236
"result.20" 100 347 1 0.606273487940095 0.600321407099443 0.603297447519769
"result.21" 100 347 6 0.608036926170789 0.605335437993797 0.606686182082293
"result.22" 100 347 11 0.600933881593039 0.622180718952466 0.611557300272752
"result.23" 100 347 16 0.605494294886065 0.62505564384361 0.615274969364837
"result.24" 100 347 21 0.610834806335633 0.633414790197528 0.62212479826658
"result.25" 100 521 1 0.585436355607059 0.608182450397628 0.596809403002344
"result.26" 100 521 6 0.620752511198498 0.617159327391274 0.618955919294885
"result.27" 100 521 11 0.601055867982388 0.609179307110812 0.6051175875466
"result.28" 100 521 16 0.61094280448245 0.63622534922957 0.62358407685601
"result.29" 100 521 21 0.597566741919863 0.624219893914178 0.61089331791702
"result.30" 350 104 1 0.614271979179253 0.612225142880317 0.613248561029785
"result.31" 350 104 6 0.611647072135648 0.614440184432886 0.613043628284267
"result.32" 350 104 11 0.611543558341291 0.578133326878495 0.594838442609893
"result.33" 350 104 16 0.613472219948837 0.624120450185829 0.618796335067333
"result.34" 350 104 21 0.607044124453964 0.638094833597962 0.622569479025963
"result.35" 350 149 1 0.606463445378499 0.604636096856283 0.605549771117391
"result.36" 350 149 6 0.619447761903815 0.591835250893673 0.605641506398744
"result.37" 350 149 11 0.590440947243446 0.612092561724077 0.601266754483761
"result.38" 350 149 16 0.598548494337112 0.609034482808352 0.603791488572732
"result.39" 350 149 21 0.63641620099013 0.616755774292397 0.626585987641263
"result.40" 350 208 1 0.626815328340846 0.589123040437924 0.607969184389385
"result.41" 350 208 6 0.609151560251694 0.610767263376988 0.609959411814341
"result.42" 350 208 11 0.60891548445142 0.614779562210984 0.611847523331202
"result.43" 350 208 16 0.629831493527989 0.599718630425467 0.614775061976728
"result.44" 350 208 21 0.596965460077092 0.624852224751447 0.610908842414269
"result.45" 350 260 1 0.633901073149895 0.5832133827768 0.608557227963347
"result.46" 350 260 6 0.603692669243386 0.609091614946144 0.606392142094765
"result.47" 350 260 11 0.615222679252959 0.605900834813728 0.610561757033344
"result.48" 350 260 16 0.629814687517406 0.618033073832112 0.623923880674759
"result.49" 350 260 21 0.631743605833024 0.608444321007192 0.620093963420108
"result.50" 350 347 1 0.632244842877567 0.615208357570846 0.623726600224207
"result.51" 350 347 6 0.598510779769718 0.607329121231088 0.602919950500403
"result.52" 350 347 11 0.608208534564662 0.611897545861003 0.610053040212833
"result.53" 350 347 16 0.610198137130702 0.615677882348986 0.612938009739844
"result.54" 350 347 21 0.623763023092556 0.610679682349874 0.617221352721215
"result.55" 350 521 1 0.595492046255827 0.601044735208147 0.598268390731987
"result.56" 350 521 6 0.610546315324267 0.604637582984116 0.607591949154192
"result.57" 350 521 11 0.589351595172157 0.61232251646953 0.600837055820843
"result.58" 350 521 16 0.607308287938336 0.618679991409125 0.612994139673731
"result.59" 350 521 21 0.590102362726202 0.614643178942559 0.60237277083438
"result.60" 600 104 1 0.631979155252279 0.576927069541834 0.604453112397056
"result.61" 600 104 6 0.635164453024239 0.609811341175898 0.622487897100068
"result.62" 600 104 11 0.625676324413051 0.598037795238461 0.611857059825756
"result.63" 600 104 16 0.616942756910434 0.625275539212458 0.621109148061446
"result.64" 600 104 21 0.593718129443606 0.598051771701325 0.595884950572466
"result.65" 600 149 1 0.579325929777404 0.618696448868564 0.599011189322984
"result.66" 600 149 6 0.605752357920149 0.620771504156764 0.613261931038457
"result.67" 600 149 11 0.599488198361967 0.643990031997509 0.621739115179738
"result.68" 600 149 16 0.617213733791247 0.605190654155899 0.611202193973573
"result.69" 600 149 21 0.6235626501475 0.60407005782814 0.613816353987821
"result.70" 600 208 1 0.608058930434304 0.602939141744393 0.605499036089348
"result.71" 600 208 6 0.584873886867941 0.603986346528249 0.594430116698095
"result.72" 600 208 11 0.61983111929535 0.612741275929893 0.616286197612621
"result.73" 600 208 16 0.636539467515439 0.59260158829632 0.614570527905879
"result.74" 600 208 21 0.613112600954647 0.625159607154283 0.619136104054465
"result.75" 600 260 1 0.616863628387987 0.605576916039165 0.611220272213576
"result.76" 600 260 6 0.601574543630018 0.609603745322863 0.60558914447644
"result.77" 600 260 11 0.625237861749098 0.609878934748328 0.617558398248713
"result.78" 600 260 16 0.624807503489241 0.611538470680652 0.618172987084946
"result.79" 600 260 21 0.60335648319962 0.601375545189383 0.602366014194502
"result.80" 600 347 1 0.597305330528227 0.611209295424587 0.604257312976407
"result.81" 600 347 6 0.609096553075305 0.607627908629266 0.608362230852286
"result.82" 600 347 11 0.578230771016317 0.629079776972572 0.603655273994445
"result.83" 600 347 16 0.619912778136288 0.584690975292374 0.602301876714331
"result.84" 600 347 21 0.612941339865464 0.622175391175031 0.617558365520247
"result.85" 600 521 1 0.618741297216326 0.614338593643264 0.616539945429795
"result.86" 600 521 6 0.619057639004823 0.605177983896594 0.612117811450708
"result.87" 600 521 11 0.617657066232306 0.61418770042587 0.615922383329088
"result.88" 600 521 16 0.651986956492268 0.60536561936674 0.628676287929504
"result.89" 600 521 21 0.59669145771005 0.631166618149726 0.613929037929889
"result.90" 850 104 1 0.615179908903827 0.606546015396933 0.61086296215038
"result.91" 850 104 6 0.62352312478004 0.601404067763449 0.612463596271745
"result.92" 850 104 11 0.620697315533608 0.610745013415449 0.615721164474528
"result.93" 850 104 16 0.630014097269385 0.601358658646507 0.615686377957946
"result.94" 850 104 21 0.599705407049251 0.621414888108515 0.610560147578883
"result.95" 850 149 1 0.642743276349829 0.599308363216617 0.621025819783223
"result.96" 850 149 6 0.615293403642644 0.607970656557047 0.611632030099845
"result.97" 850 149 11 0.642402559548862 0.612185067409187 0.627293813479024
"result.98" 850 149 16 0.635870363633447 0.590269317790318 0.613069840711883
"result.99" 850 149 21 0.595135302667393 0.610321855986019 0.602728579326706
"result.100" 850 208 1 0.614836489873738 0.599579009611356 0.607207749742547
"result.101" 850 208 6 0.601382743994032 0.594961099443111 0.598171921718571
"result.102" 850 208 11 0.608915450441963 0.607408905864054 0.608162178153008
"result.103" 850 208 16 0.601968114217117 0.618582605624444 0.610275359920781
"result.104" 850 208 21 0.614234928748479 0.623987339830308 0.619111134289394
"result.105" 850 260 1 0.606297439560777 0.600961394592817 0.603629417076797
"result.106" 850 260 6 0.611292085136762 0.597372506408951 0.604332295772857
"result.107" 850 260 11 0.601211654043436 0.608960728443817 0.605086191243626
"result.108" 850 260 16 0.611526638122501 0.606624612950968 0.609075625536734
"result.109" 850 260 21 0.619274112725707 0.616820985884491 0.618047549305099
"result.110" 850 347 1 0.586036735901849 0.636316016472117 0.611176376186983
"result.111" 850 347 6 0.595028814327647 0.602923540713669 0.598976177520658
"result.112" 850 347 11 0.613930405337822 0.602166170767073 0.608048288052448
"result.113" 850 347 16 0.618982006507252 0.611699721774137 0.615340864140694
"result.114" 850 347 21 0.596818544602668 0.639205914715042 0.618012229658855
"result.115" 850 521 1 0.590525606414612 0.619786870898281 0.605156238656447
"result.116" 850 521 6 0.617613728991655 0.62098319005907 0.619298459525362
"result.117" 850 521 11 0.611262784222202 0.617787344921001 0.614525064571602
"result.118" 850 521 16 0.617194636000761 0.612033874325966 0.614614255163363
"result.119" 850 521 21 0.636996567356766 0.607689701680034 0.6223431345184
