=== Best Configuration ===
Degree: 2
Nprune: 40
Minspan: 1
Thresh: 0.0000

FDP: 0.0455
Power: 0.8400
R2 (fold 1): 0.9871
R2 (fold 2): 0.9863
# Selected: 22
# MARS terms: 35

=== Stage 2: Fine Grid Search ===
Testing 72 hyperparameter configurations...
  Progress: 10/72 configurations tested
  Progress: 20/72 configurations tested
  Progress: 30/72 configurations tested
  Progress: 40/72 configurations tested
  Progress: 50/72 configurations tested
  Progress: 60/72 configurations tested
  Progress: 70/72 configurations tested

=== Tuning Results ===
Total configurations tested: 72
Valid configurations: 72
FDR-controlled (FDR <= 0.10): 71

=== Best Configuration ===
Degree: 3
Nprune: 50
Minspan: 1
Thresh: 0.0000

FDP: 0.0833
Power: 0.8800
R2 (fold 1): 0.9883
R2 (fold 2): 0.9883
# Selected: 24
# MARS terms: 37
$best_params
  degree nprune minspan thresh        fdp power      R2_1      R2_2 n_selected n_terms converged
9      3     50       1      0 0.08333333  0.88 0.9882914 0.9882535         24      37      TRUE

$all_results
   degree nprune minspan thresh        fdp power      R2_1      R2_2 n_selected n_terms converged
1       1     30       1  0.000 0.00000000  0.40 0.9260336 0.8731648         10      21      TRUE
2       2     30       1  0.000 0.00000000  0.76 0.9858178 0.9790826         19      30      TRUE
3       3     30       1  0.000 0.00000000  0.72 0.9828911 0.9781849         18      29      TRUE
4       1     40       1  0.000 0.00000000  0.40 0.9260336 0.8731648         10      21      TRUE
5       2     40       1  0.000 0.00000000  0.84 0.9865437 0.9844994         21      33      TRUE
6       3     40       1  0.000 0.04545455  0.84 0.9871215 0.9862594         22      35      TRUE
7       1     50       1  0.000 0.00000000  0.40 0.9260336 0.8731648         10      21      TRUE
8       2     50       1  0.000 0.21428571  0.88 0.9929777 0.9906442         28      48      TRUE
9       3     50       1  0.000 0.08333333  0.88 0.9882914 0.9882535         24      37      TRUE
10      1     30       2  0.000 0.00000000  0.40 0.9260558 0.8730249         10      21      TRUE
11      2     30       2  0.000 0.00000000  0.76 0.9857995 0.9788604         19      30      TRUE
12      3     30       2  0.000 0.00000000  0.76 0.9857995 0.9788604         19      30      TRUE
13      1     40       2  0.000 0.00000000  0.40 0.9260558 0.8730249         10      21      TRUE
14      2     40       2  0.000 0.08333333  0.88 0.9883134 0.9881738         24      37      TRUE
15      3     40       2  0.000 0.04545455  0.84 0.9871426 0.9852119         22      34      TRUE
16      1     50       2  0.000 0.00000000  0.40 0.9260558 0.8730249         10      21      TRUE
17      2     50       2  0.000 0.04545455  0.84 0.9871410 0.9861900         22      35      TRUE
18      3     50       2  0.000 0.04347826  0.88 0.9875992 0.9871428         23      36      TRUE
19      1     30       1  0.001 0.00000000  0.40 0.9260336 0.8731648         10      21      TRUE
20      2     30       1  0.001 0.00000000  0.72 0.9828911 0.9781849         18      29      TRUE
21      3     30       1  0.001 0.00000000  0.76 0.9858178 0.9790826         19      30      TRUE
22      1     40       1  0.001 0.00000000  0.40 0.9238345 0.8711828         10      20      TRUE
23      2     40       1  0.001 0.00000000  0.80 0.9863969 0.9838290         20      32      TRUE
24      3     40       1  0.001 0.00000000  0.84 0.9867911 0.9866511         21      38      TRUE
25      1     50       1  0.001 0.00000000  0.40 0.9260336 0.8731648         10      21      TRUE
26      2     50       1  0.001 0.00000000  0.84 0.9865437 0.9844994         21      33      TRUE
27      3     50       1  0.001 0.00000000  0.84 0.9873975 0.9881125         21      41      TRUE
28      1     30       2  0.001 0.00000000  0.40 0.9260558 0.8730249         10      21      TRUE
29      2     30       2  0.001 0.00000000  0.76 0.9857995 0.9788604         19      30      TRUE
30      3     30       2  0.001 0.00000000  0.76 0.9857995 0.9788604         19      30      TRUE
31      1     40       2  0.001 0.00000000  0.40 0.9238645 0.8689671         10      19      TRUE
32      2     40       2  0.001 0.00000000  0.84 0.9874363 0.9877441         21      40      TRUE
33      3     40       2  0.001 0.00000000  0.84 0.9874363 0.9877441         21      40      TRUE
34      1     50       2  0.001 0.00000000  0.40 0.9238576 0.8710435         10      20      TRUE
35      2     50       2  0.001 0.00000000  0.84 0.9874162 0.9880996         21      41      TRUE
36      3     50       2  0.001 0.00000000  0.84 0.9868080 0.9866428         21      38      TRUE
37      1     30       1  0.005 0.00000000  0.40 0.9260336 0.8731648         10      21      TRUE
38      2     30       1  0.005 0.00000000  0.64 0.9802072 0.9742842         16      30      TRUE
39      3     30       1  0.005 0.00000000  0.64 0.9802072 0.9742842         16      30      TRUE
40      1     40       1  0.005 0.00000000  0.40 0.9225956 0.8639616         10      18      TRUE
41      2     40       1  0.005 0.00000000  0.64 0.9808381 0.9751874         16      32      TRUE
42      3     40       1  0.005 0.00000000  0.64 0.9808386 0.9754496         16      33      TRUE
43      1     50       1  0.005 0.00000000  0.40 0.9260336 0.8731648         10      21      TRUE
44      2     50       1  0.005 0.00000000  0.64 0.9808386 0.9754496         16      33      TRUE
45      3     50       1  0.005 0.00000000  0.64 0.9808386 0.9754496         16      33      TRUE
46      1     30       2  0.005 0.00000000  0.40 0.9238576 0.8710435         10      20      TRUE
47      2     30       2  0.005 0.00000000  0.64 0.9802138 0.9742595         16      30      TRUE
48      3     30       2  0.005 0.00000000  0.64 0.9802138 0.9742595         16      30      TRUE
49      1     40       2  0.005 0.00000000  0.40 0.9238576 0.8710435         10      20      TRUE
50      2     40       2  0.005 0.00000000  0.64 0.9802138 0.9742595         16      30      TRUE
51      3     40       2  0.005 0.00000000  0.64 0.9806269 0.9747080         16      31      TRUE
52      1     50       2  0.005 0.00000000  0.40 0.9238576 0.8710435         10      20      TRUE
53      2     50       2  0.005 0.00000000  0.64 0.9802138 0.9742595         16      30      TRUE
54      3     50       2  0.005 0.00000000  0.64 0.9808509 0.9754356         16      33      TRUE
55      1     30       1  0.010 0.00000000  0.40 0.9238345 0.8711828         10      20      TRUE
56      2     30       1  0.010 0.00000000  0.52 0.9598670 0.9381342         13      27      TRUE
57      3     30       1  0.010 0.00000000  0.52 0.9598670 0.9381342         13      27      TRUE
58      1     40       1  0.010 0.00000000  0.40 0.9238439 0.8690886         10      19      TRUE
59      2     40       1  0.010 0.00000000  0.52 0.9598598 0.9380997         13      26      TRUE
60      3     40       1  0.010 0.00000000  0.52 0.9598670 0.9381342         13      27      TRUE
61      1     50       1  0.010 0.00000000  0.40 0.9260336 0.8731648         10      21      TRUE
62      2     50       1  0.010 0.00000000  0.52 0.9597678 0.9379256         13      25      TRUE
63      3     50       1  0.010 0.00000000  0.52 0.9598670 0.9381342         13      27      TRUE
64      1     30       2  0.010 0.00000000  0.40 0.9260558 0.8730249         10      21      TRUE
65      2     30       2  0.010 0.00000000  0.52 0.9598292 0.9381303         13      27      TRUE
66      3     30       2  0.010 0.00000000  0.52 0.9598224 0.9380974         13      26      TRUE
67      1     40       2  0.010 0.00000000  0.40 0.9238576 0.8710435         10      20      TRUE
68      2     40       2  0.010 0.00000000  0.52 0.9598292 0.9381303         13      27      TRUE
69      3     40       2  0.010 0.00000000  0.52 0.9598292 0.9381303         13      27      TRUE
70      1     50       2  0.010 0.00000000  0.40 0.9260558 0.8730249         10      21      TRUE
71      2     50       2  0.010 0.00000000  0.52 0.9598292 0.9381303         13      27      TRUE
72      3     50       2  0.010 0.00000000  0.52 0.9598292 0.9381303         13      27      TRUE

$fdr_controlled_results
   degree nprune minspan thresh        fdp power      R2_1      R2_2 n_selected n_terms converged
9       3     50       1  0.000 0.08333333  0.88 0.9882914 0.9882535         24      37      TRUE
14      2     40       2  0.000 0.08333333  0.88 0.9883134 0.9881738         24      37      TRUE
18      3     50       2  0.000 0.04347826  0.88 0.9875992 0.9871428         23      36      TRUE
5       2     40       1  0.000 0.00000000  0.84 0.9865437 0.9844994         21      33      TRUE
6       3     40       1  0.000 0.04545455  0.84 0.9871215 0.9862594         22      35      TRUE
15      3     40       2  0.000 0.04545455  0.84 0.9871426 0.9852119         22      34      TRUE
17      2     50       2  0.000 0.04545455  0.84 0.9871410 0.9861900         22      35      TRUE
24      3     40       1  0.001 0.00000000  0.84 0.9867911 0.9866511         21      38      TRUE
26      2     50       1  0.001 0.00000000  0.84 0.9865437 0.9844994         21      33      TRUE
27      3     50       1  0.001 0.00000000  0.84 0.9873975 0.9881125         21      41      TRUE
32      2     40       2  0.001 0.00000000  0.84 0.9874363 0.9877441         21      40      TRUE
33      3     40       2  0.001 0.00000000  0.84 0.9874363 0.9877441         21      40      TRUE
35      2     50       2  0.001 0.00000000  0.84 0.9874162 0.9880996         21      41      TRUE
36      3     50       2  0.001 0.00000000  0.84 0.9868080 0.9866428         21      38      TRUE
23      2     40       1  0.001 0.00000000  0.80 0.9863969 0.9838290         20      32      TRUE
2       2     30       1  0.000 0.00000000  0.76 0.9858178 0.9790826         19      30      TRUE
11      2     30       2  0.000 0.00000000  0.76 0.9857995 0.9788604         19      30      TRUE
12      3     30       2  0.000 0.00000000  0.76 0.9857995 0.9788604         19      30      TRUE
21      3     30       1  0.001 0.00000000  0.76 0.9858178 0.9790826         19      30      TRUE
29      2     30       2  0.001 0.00000000  0.76 0.9857995 0.9788604         19      30      TRUE
30      3     30       2  0.001 0.00000000  0.76 0.9857995 0.9788604         19      30      TRUE
3       3     30       1  0.000 0.00000000  0.72 0.9828911 0.9781849         18      29      TRUE
20      2     30       1  0.001 0.00000000  0.72 0.9828911 0.9781849         18      29      TRUE
38      2     30       1  0.005 0.00000000  0.64 0.9802072 0.9742842         16      30      TRUE
39      3     30       1  0.005 0.00000000  0.64 0.9802072 0.9742842         16      30      TRUE
41      2     40       1  0.005 0.00000000  0.64 0.9808381 0.9751874         16      32      TRUE
42      3     40       1  0.005 0.00000000  0.64 0.9808386 0.9754496         16      33      TRUE
44      2     50       1  0.005 0.00000000  0.64 0.9808386 0.9754496         16      33      TRUE
45      3     50       1  0.005 0.00000000  0.64 0.9808386 0.9754496         16      33      TRUE
47      2     30       2  0.005 0.00000000  0.64 0.9802138 0.9742595         16      30      TRUE
48      3     30       2  0.005 0.00000000  0.64 0.9802138 0.9742595         16      30      TRUE
50      2     40       2  0.005 0.00000000  0.64 0.9802138 0.9742595         16      30      TRUE
51      3     40       2  0.005 0.00000000  0.64 0.9806269 0.9747080         16      31      TRUE
53      2     50       2  0.005 0.00000000  0.64 0.9802138 0.9742595         16      30      TRUE
54      3     50       2  0.005 0.00000000  0.64 0.9808509 0.9754356         16      33      TRUE
56      2     30       1  0.010 0.00000000  0.52 0.9598670 0.9381342         13      27      TRUE
57      3     30       1  0.010 0.00000000  0.52 0.9598670 0.9381342         13      27      TRUE
59      2     40       1  0.010 0.00000000  0.52 0.9598598 0.9380997         13      26      TRUE
60      3     40       1  0.010 0.00000000  0.52 0.9598670 0.9381342         13      27      TRUE
62      2     50       1  0.010 0.00000000  0.52 0.9597678 0.9379256         13      25      TRUE
63      3     50       1  0.010 0.00000000  0.52 0.9598670 0.9381342         13      27      TRUE
65      2     30       2  0.010 0.00000000  0.52 0.9598292 0.9381303         13      27      TRUE
66      3     30       2  0.010 0.00000000  0.52 0.9598224 0.9380974         13      26      TRUE
68      2     40       2  0.010 0.00000000  0.52 0.9598292 0.9381303         13      27      TRUE
69      3     40       2  0.010 0.00000000  0.52 0.9598292 0.9381303         13      27      TRUE
71      2     50       2  0.010 0.00000000  0.52 0.9598292 0.9381303         13      27      TRUE
72      3     50       2  0.010 0.00000000  0.52 0.9598292 0.9381303         13      27      TRUE
1       1     30       1  0.000 0.00000000  0.40 0.9260336 0.8731648         10      21      TRUE
4       1     40       1  0.000 0.00000000  0.40 0.9260336 0.8731648         10      21      TRUE
7       1     50       1  0.000 0.00000000  0.40 0.9260336 0.8731648         10      21      TRUE
10      1     30       2  0.000 0.00000000  0.40 0.9260558 0.8730249         10      21      TRUE
13      1     40       2  0.000 0.00000000  0.40 0.9260558 0.8730249         10      21      TRUE
16      1     50       2  0.000 0.00000000  0.40 0.9260558 0.8730249         10      21      TRUE
19      1     30       1  0.001 0.00000000  0.40 0.9260336 0.8731648         10      21      TRUE
22      1     40       1  0.001 0.00000000  0.40 0.9238345 0.8711828         10      20      TRUE
25      1     50       1  0.001 0.00000000  0.40 0.9260336 0.8731648         10      21      TRUE
28      1     30       2  0.001 0.00000000  0.40 0.9260558 0.8730249         10      21      TRUE
31      1     40       2  0.001 0.00000000  0.40 0.9238645 0.8689671         10      19      TRUE
34      1     50       2  0.001 0.00000000  0.40 0.9238576 0.8710435         10      20      TRUE
37      1     30       1  0.005 0.00000000  0.40 0.9260336 0.8731648         10      21      TRUE
40      1     40       1  0.005 0.00000000  0.40 0.9225956 0.8639616         10      18      TRUE
43      1     50       1  0.005 0.00000000  0.40 0.9260336 0.8731648         10      21      TRUE
46      1     30       2  0.005 0.00000000  0.40 0.9238576 0.8710435         10      20      TRUE
49      1     40       2  0.005 0.00000000  0.40 0.9238576 0.8710435         10      20      TRUE
52      1     50       2  0.005 0.00000000  0.40 0.9238576 0.8710435         10      20      TRUE
55      1     30       1  0.010 0.00000000  0.40 0.9238345 0.8711828         10      20      TRUE
58      1     40       1  0.010 0.00000000  0.40 0.9238439 0.8690886         10      19      TRUE
61      1     50       1  0.010 0.00000000  0.40 0.9260336 0.8731648         10      21      TRUE
64      1     30       2  0.010 0.00000000  0.40 0.9260558 0.8730249         10      21      TRUE
67      1     40       2  0.010 0.00000000  0.40 0.9238576 0.8710435         10      20      TRUE
70      1     50       2  0.010 0.00000000  0.40 0.9260558 0.8730249         10      21      TRUE

$valid_results
   degree nprune minspan thresh        fdp power      R2_1      R2_2 n_selected n_terms converged
1       1     30       1  0.000 0.00000000  0.40 0.9260336 0.8731648         10      21      TRUE
2       2     30       1  0.000 0.00000000  0.76 0.9858178 0.9790826         19      30      TRUE
3       3     30       1  0.000 0.00000000  0.72 0.9828911 0.9781849         18      29      TRUE
4       1     40       1  0.000 0.00000000  0.40 0.9260336 0.8731648         10      21      TRUE
5       2     40       1  0.000 0.00000000  0.84 0.9865437 0.9844994         21      33      TRUE
6       3     40       1  0.000 0.04545455  0.84 0.9871215 0.9862594         22      35      TRUE
7       1     50       1  0.000 0.00000000  0.40 0.9260336 0.8731648         10      21      TRUE
8       2     50       1  0.000 0.21428571  0.88 0.9929777 0.9906442         28      48      TRUE
9       3     50       1  0.000 0.08333333  0.88 0.9882914 0.9882535         24      37      TRUE
10      1     30       2  0.000 0.00000000  0.40 0.9260558 0.8730249         10      21      TRUE
11      2     30       2  0.000 0.00000000  0.76 0.9857995 0.9788604         19      30      TRUE
12      3     30       2  0.000 0.00000000  0.76 0.9857995 0.9788604         19      30      TRUE
13      1     40       2  0.000 0.00000000  0.40 0.9260558 0.8730249         10      21      TRUE
14      2     40       2  0.000 0.08333333  0.88 0.9883134 0.9881738         24      37      TRUE
15      3     40       2  0.000 0.04545455  0.84 0.9871426 0.9852119         22      34      TRUE
16      1     50       2  0.000 0.00000000  0.40 0.9260558 0.8730249         10      21      TRUE
17      2     50       2  0.000 0.04545455  0.84 0.9871410 0.9861900         22      35      TRUE
18      3     50       2  0.000 0.04347826  0.88 0.9875992 0.9871428         23      36      TRUE
19      1     30       1  0.001 0.00000000  0.40 0.9260336 0.8731648         10      21      TRUE
20      2     30       1  0.001 0.00000000  0.72 0.9828911 0.9781849         18      29      TRUE
21      3     30       1  0.001 0.00000000  0.76 0.9858178 0.9790826         19      30      TRUE
22      1     40       1  0.001 0.00000000  0.40 0.9238345 0.8711828         10      20      TRUE
23      2     40       1  0.001 0.00000000  0.80 0.9863969 0.9838290         20      32      TRUE
24      3     40       1  0.001 0.00000000  0.84 0.9867911 0.9866511         21      38      TRUE
25      1     50       1  0.001 0.00000000  0.40 0.9260336 0.8731648         10      21      TRUE
26      2     50       1  0.001 0.00000000  0.84 0.9865437 0.9844994         21      33      TRUE
27      3     50       1  0.001 0.00000000  0.84 0.9873975 0.9881125         21      41      TRUE
28      1     30       2  0.001 0.00000000  0.40 0.9260558 0.8730249         10      21      TRUE
29      2     30       2  0.001 0.00000000  0.76 0.9857995 0.9788604         19      30      TRUE
30      3     30       2  0.001 0.00000000  0.76 0.9857995 0.9788604         19      30      TRUE
31      1     40       2  0.001 0.00000000  0.40 0.9238645 0.8689671         10      19      TRUE
32      2     40       2  0.001 0.00000000  0.84 0.9874363 0.9877441         21      40      TRUE
33      3     40       2  0.001 0.00000000  0.84 0.9874363 0.9877441         21      40      TRUE
34      1     50       2  0.001 0.00000000  0.40 0.9238576 0.8710435         10      20      TRUE
35      2     50       2  0.001 0.00000000  0.84 0.9874162 0.9880996         21      41      TRUE
36      3     50       2  0.001 0.00000000  0.84 0.9868080 0.9866428         21      38      TRUE
37      1     30       1  0.005 0.00000000  0.40 0.9260336 0.8731648         10      21      TRUE
38      2     30       1  0.005 0.00000000  0.64 0.9802072 0.9742842         16      30      TRUE
39      3     30       1  0.005 0.00000000  0.64 0.9802072 0.9742842         16      30      TRUE
40      1     40       1  0.005 0.00000000  0.40 0.9225956 0.8639616         10      18      TRUE
41      2     40       1  0.005 0.00000000  0.64 0.9808381 0.9751874         16      32      TRUE
42      3     40       1  0.005 0.00000000  0.64 0.9808386 0.9754496         16      33      TRUE
43      1     50       1  0.005 0.00000000  0.40 0.9260336 0.8731648         10      21      TRUE
44      2     50       1  0.005 0.00000000  0.64 0.9808386 0.9754496         16      33      TRUE
45      3     50       1  0.005 0.00000000  0.64 0.9808386 0.9754496         16      33      TRUE
46      1     30       2  0.005 0.00000000  0.40 0.9238576 0.8710435         10      20      TRUE
47      2     30       2  0.005 0.00000000  0.64 0.9802138 0.9742595         16      30      TRUE
48      3     30       2  0.005 0.00000000  0.64 0.9802138 0.9742595         16      30      TRUE
49      1     40       2  0.005 0.00000000  0.40 0.9238576 0.8710435         10      20      TRUE
50      2     40       2  0.005 0.00000000  0.64 0.9802138 0.9742595         16      30      TRUE
51      3     40       2  0.005 0.00000000  0.64 0.9806269 0.9747080         16      31      TRUE
52      1     50       2  0.005 0.00000000  0.40 0.9238576 0.8710435         10      20      TRUE
53      2     50       2  0.005 0.00000000  0.64 0.9802138 0.9742595         16      30      TRUE
54      3     50       2  0.005 0.00000000  0.64 0.9808509 0.9754356         16      33      TRUE
55      1     30       1  0.010 0.00000000  0.40 0.9238345 0.8711828         10      20      TRUE
56      2     30       1  0.010 0.00000000  0.52 0.9598670 0.9381342         13      27      TRUE
57      3     30       1  0.010 0.00000000  0.52 0.9598670 0.9381342         13      27      TRUE
58      1     40       1  0.010 0.00000000  0.40 0.9238439 0.8690886         10      19      TRUE
59      2     40       1  0.010 0.00000000  0.52 0.9598598 0.9380997         13      26      TRUE
60      3     40       1  0.010 0.00000000  0.52 0.9598670 0.9381342         13      27      TRUE
61      1     50       1  0.010 0.00000000  0.40 0.9260336 0.8731648         10      21      TRUE
62      2     50       1  0.010 0.00000000  0.52 0.9597678 0.9379256         13      25      TRUE
63      3     50       1  0.010 0.00000000  0.52 0.9598670 0.9381342         13      27      TRUE
64      1     30       2  0.010 0.00000000  0.40 0.9260558 0.8730249         10      21      TRUE
65      2     30       2  0.010 0.00000000  0.52 0.9598292 0.9381303         13      27      TRUE
66      3     30       2  0.010 0.00000000  0.52 0.9598224 0.9380974         13      26      TRUE
67      1     40       2  0.010 0.00000000  0.40 0.9238576 0.8710435         10      20      TRUE
68      2     40       2  0.010 0.00000000  0.52 0.9598292 0.9381303         13      27      TRUE
69      3     40       2  0.010 0.00000000  0.52 0.9598292 0.9381303         13      27      TRUE
70      1     50       2  0.010 0.00000000  0.40 0.9260558 0.8730249         10      21      TRUE
71      2     50       2  0.010 0.00000000  0.52 0.9598292 0.9381303         13      27      TRUE
72      3     50       2  0.010 0.00000000  0.52 0.9598292 0.9381303         13      27      TRUE

$fdr_threshold
[1] 0.1